# OBJECT NAME          RA        Dec      Epoch   Preferred   Guiding  Guider
#                   HH MM SS   DD MM SS           Pier Side   Star?    Position
#                                                             1-yes    [cm]
NGC7380             22 45 30   57 55 00   1960    E           1        4.3








aPeg                23 4 46 15 12 19 2000
ePeg                21 44 11   9 52 30 2000   
aAqr                22 05 47  -0 -19 -11 2000   
3C273               12 29 07  02 03 09  2000
12Lac               22 41 29  40 13 32  2000
16Lac               22 56 24  41 36 14  2000
1998_V033           08 46 55  67 18 27  2000
1999KW4             18 35 17  -1 -42 -08  2000
2003UB313           01 39 10  -5 -22 -54  2000
2005YU55            01 20 56  18 40 11  2000
2006VV2             10 36 06  11 22 15  2000
2MASS132118         13 21 18  18 08 22  2000
2MASSJ16211735      16 21 17  44 12 54  2000
Albus8              23 34 52  53 47 03  2000
ALS9779             18 36 02   6 39 36  2000
Archinal1           18 54 49  05 32 54  2000
ASASSN-15ni         18 39 58  22 21 19  2000
ASAS-13ax           18 00 05  52 56 35  2000 
ASASSN13dl           7 38 50  58 12 43  2000
ASAS070452           7  4 52  10 27 30  2000
ASAS121341          12 13 41  17 14 38  2000
ASAS142443          14 24 43   4 38 50  2000
ASAS150031          15 00 31  10 21 29  2000
ASASSN14bb          12 14 11  38 39 40  2000
ASASSN14gy          05 39 15  12 21 20  2000
ASASSN14hi          18 57 47  57 27 15  2000
ASASSN14ln          18 24 30  52 26 29  2000
ASASSN15jd          16 49 26  14 02 44  2000
ASASSN15nv          23 42 26  32 48 21  2000
ASASSN15ug           6 45 02  63 14 58  2000
ASASSN15uh           9 30 14  69 07 02  2000
ASASSN15ub          11 07 13  65 05 58  2000
ASASSN16at          12 55 16  00 06 00  2000
ASASSN16de          18 42 34  17 41 22  2000
ASASSN16ex          17 10 24  26 23 48  2000
ASASSN17dh          17 14 24  20 18 50  2000
ASASSN17gr          16 08 39  12 00 40  2000
SN2015bf            23 24 49  15 16 52  2000
SN2016bkv           10 18 19  41 25 39  2000
SN2016bau           11 20 59  53 19 26  2000
SN2017cjb           12 53 51  09 42 18  2000
SN2017iro           14 06 23  50 43 20  2000
AD_Boo              14 35 13  24 38 21  2000
AU_Mon               6 54 55  -1 22 33  2000
ASASSN13do          14 30 10  31 12 55  2000   
AZCas                1 42 17  61 25 16  2000
Bal09               23 15 21  29 05 02  2000
Barnard		    17 57 49   4 41 36  2000
Barnard361          21 12 13  47 23 23  2000
Be59                 0 02 14  67 25 00  2000
Berkeley28          06 52 12  02 56 00  2000
Bertholda           20 54 47  -8 -10 -52  2000
Bica1               20 33 10  41 13 07  2000
Bica2	            20 33 15  41 18 45  2000
Bochum2             06 48 54  00 23 00  2000
BL_Her              18 01 09  19 14 57  2000
BO_Lyn               8 43 01  40 59 52  2000 
BW_Vul              20 53 00  28 30 00  1950
ChiPer               2 22 48  57 08 26  2005.7
Collinder419        20 18 00  40 43 00  2000
CSS111103           22 17 19  35 34 49  2000
FK_Dra              12 30 12  63 53 21  2000
Gaia15aan           16 05 48  24 05 31  2000
Gaia15abf           23 35 29  50 48 56  2000
Gaia15acn           22 17 15  35 33 59  2000
Gaia15agj            9 50 59  37 58 00  2000
Gaia15agi            2 52 44  60 23 29  2000
Gaia15agh           12 04 05  14 04 05  2000
Gaia15agd           11 26 17  28 21 59  2000
Gaia15agc           12 18 23  35 37 06  2000
Gaia15aga            8 18 50   2 40 16  2000
Gaia15afx           11 09 41   4 08 06  2000
Gaia15aft           18 14 44  39 36 45  2000
Gaia15afq           15 38 30  27 17 53  2000
Gaia15afk           12 44 45   9 45 31  2000
Gaia15afi           18 20 03  45 35 13  2000
Gaia15afh           18 58 41  43 28 07  2000
Gaia15aff           20 26 47  42 59 42  2000
Gaia15afe           14 01 51  21 33 36  2000
Gaia15afd           17 59 30  43 23 31  2000
Gaia15afc           15 44 26  55 39 55  2000
Gaia15afa           13 20 24  21 18 27  2000
Gaia15aey           14 26 31  34 28 22  2000
Gaia15aev           13 21 55  35 21 34  2000
Gaia15aet            9 02 31  25 53 30  2000
Gaia15aew           22 43 03  49 54 49  2000
GaiaV14ahj          22 26 49  50 48 57  2000
GaiaV14ahl           4 42 12  23 06 15  2000
Gaia14aab           13 47 38  55 32 55  2000
Gaia14aaz           15 34 36  25 03 10  2000
Gaia14aae           16 11 34  63 08 32  2000
Gaia14aaf           16 17 01  62 00 25  2000
Gaia14aat            3 31 04  17 25 40  2000
Gaia14aax           15 56 13  02 40 45  2000
Gaia14abg           17 30 48  50 00 15  2000
Gaia14abh            2 16 36  55 43 18  2000
Gaia14abh            2 16 36  55 43 18  2000
Gaia14aca           14 18 48  47 08 03  2000
Gaia14acd           13 44 21  33 15 22  2000
Gaia14acf           13 15 14  42 47 44  2000
Gaia14ach           15 46 49  17 01 31  2000
Gaia14acj           14 15 16  47 10 23  2000 
Gaia14acm            4 30 30   8 18 29  2000
Gaia14acq            3 58 05  14 32 52  2000
Gaia14acr            3 58 51  14 11 15  2000
Gaia14acx           16 00 04  33 11 14  2000
Gaia14ada           13 53 37  34 49 34  2000
Gaia14adf           12 09 30  20 06 13  2000
Gaia14add           12 08 37  11 59 38  2000
Gaia14adl           22 35 28  18 16 35  2000
Gaia14ado            8 06 43  40 35 17  2000
Gaia14adr           16 47 54  75 16 48  2000
Gaia14adt            8 16 10  32 30 47  2000
Gaia14adu            7 59 15  31 37 15  2000
Gaia14aea           18 32 11  21 06 20  2000
Gaia15aad           22 17 20  40 28 13  2000
Gaia15aal           16 23 03  37 55 17  2000
Gaia15aax           11 43 04  37 52 21  2000
Gaia15abh           22 18 30  39 48 37  2000
Gaia15abu	    17 04 50  41 01 04  2000
Gaia15abz	    12 27 19  07 17 03  2000
Gaia15acd	    18 01 53  25 43 23  2000
Gaia15acu            8 57 10  36 40 05  2000
Gaia15acy	     8 35 49  28 52 57  2000
Gaia15adt           14 01 15  44 18 30  2000
Gaia15ael           13 33 23  58 43 31  2000
Gaia15aek            6 47 03  64 56 04  2000
Gaia15aev           13 21 55  35 21 32  2000
Gaia15aer           23 35 52  23 36 52  2000
Gaia15aet            9 02 38  25 56 04  2000
Gaia15aeo            4 21 42  34 03 28  2000
Gaia16aia           23 23 26  69 58 53  2000
Gaia16aib           07 38 34  04 07 15  2000
Gaia16afy           18 13 35  31 44 18  2000
Gaia16aag           17 32 43  28 53 24  2000
Gaia16abw           10 33 51  60 51 07  2000
Gaia16abk           14 05 57  43 53 02  2000
Gaia16adb           12 09 30  76 09 12  2000
Gaia16agl           17 34 30  14 34 38  2000
Gaia16ael           16 38 54  58 35 27  2000
Gaia16ahq            3 06 45  46 09 13  2000
Gaia16ahw            7 30 17  25 01 55  2000
Gaia16aiu           12 48 13  66 39 09  2000
Gaia16aiz           17 20 28  58 04 54  2000
Gaia16afg           18 00 34  43 06 04  2000
Gaia16ajb           12 56 14  56 49 11  2000
Gaia16ajm           15 10 24  45 09 54  2000
Gaia16ajq           14 53 02  42 21 28  2000
Gaia16alb           07 28 11  72 34 31  2000
Gaia16akk           09 09 51  47 53 48  2000
Gaia16akg           08 04 28  29 07 40  2000
Gaia16alf           16 40 16  22 46 58  2000
Gaia16alh           04 31 13  67 47 50  2000
Gaia16alo           19 02 25  63 41 06  2000
Gaia16alq           18 12 29  31 16 47  2000
Gaia16alv           17 56 34  15 53 44  2000
Gaia16alk           17 08 27  25 30 51  2000
Gaia16alz           18 55 01  01 38 57  2000
Gaia16amd           20 35 30  06 36 53  2000
Gaia16amg           06 41 59  38 36 23  2000
Gaia16amh           22 28 48  34 26 06  2000
Gaia16aml           06 58 55  45 19 57  2000
Gaia16alt           21 43 00  66 11 28  2000
Gaia16ams           22 23 59  25 44 25  2000
Gaia16apu           17 03 58  76 46 10  2000
Gaia16aoz           10 48 28  71 43 36  2000
Gaia16arz           17 10 24  26 23 48  2000
Gaia16asm           20 02 07  17 46 50  2000
Gaia16avf           12 37 31  57 31 56  2000
Gaia16avl           03 34 38  13 34 50  2000
Gaia16aye           19 40 01  30 07 53  2000
Gaia16bay           00 21 23  22 26 07  2000
Gaia16bbi           23 59 16  22 03 01  2000
Gaia16bbs           17 38 58  35 19 20  2000
Gaia16bby           15 02 37  23 21 10  2000
Gaia16bbz           19 16 39  46 21 07  2000
Gaia16bak           00 05 11  27 37 29  2000
Gaia16bes           02 18 55  52 00 03  2000
Gaia16ber           01 58 44  24 01 13  2000
Gaia16bei           01 54 40  57 53 51  2000
Gaia16bfd           02 49 43  46 34 37  2000
Gaia16bft           03 32 33  31 02 22  2000
Gaia16bjg           15 26 29  41 44 04  2000
Gaia16bre           07 26 46  85 45 51  2000
Gaia16brd           04 07 12  59 34 18  2000
Gaia16bnz           03 40 18  49 21 32  2000
Gaia16bza           22 34 36  45 51 49  2000
Gaia16byy           22 18 02  47 35 16  2000
Gaia16byu           23 44 45  29 51 44  2000
Gaia16cdy           04 59 30  75 15 44  2000
Gaia16cfa           21 46 48  48 27 48  2000
Gaia16cfv           10 04 19  43 25 28  2000
Gaia17aah           12 27 40  40 36 53  2000
Gaia17agj           22 27 15  57 51 15  2000
Gaia17agk           04 14 48  35 10 58  2000
Gaia17arv           03 23 59  37 45 30  2000
Gaia17auz           00 39 07  69 45 48  2000
Gaia17aur           07 18 17  55 43 58  2000
Gaia17auo           22 59 15  53 43 00  2000
Gaia17aue           07 54 13  21 47 36  2000
Gaia17avj           09 08 37  03 14 48  2000
Gaia17awv           21 17 02  44 29 31  2000
Gaia17bbu           14 51 47  43 38 41  2000
Gaia17bcy           16 11 48  60 35 10  2000
Gaia17bdd           17 03 12  61 27 26  2000
Gaia17big           10 23 20  22 23 39  2000
Gaia17biu           10 19 06  46 27 14  2000
Gaia17bjo           08 21 35  76 20 32  2000
Gaia17bjw           11 52 53  44 07 26  2000
Gaia17bjv           11 51 06  43 24 52  2000
Gaia17bse           20 20 50  39 39 00  2000
Gaia17bsh           18 04 02  66 35 15  2000
Gaia17bts           01 08 53  73 53 46  2000
Gaia17btr           00 23 27  63 33 15  2000
Gaia17bsu           13 10 59  78 24 37  2000
Gaia17bxa           13 54 04  23 37 01  2000
Gaia17bum           01 12 50  32 08 17  2000
Gaia17bxh           04 55 53  46 24 03  2000
Gaia17bxj           13 10 50  49 53 52  2000
Gaia17bxo           14 20 44  35 55 23  2000
Gaia17byc           15 41 56  16 08 59  2000
Gaia17byj           05 29 30  37 05 25  2000
Gaia17caj           17 40 19  41 06 53  2000
Gaia17cal           17 05 28  69 13 19  2000
Gaia17cav           17 45 38  60 19 24  2000
Gaia17cay           18 18 09  18 05 25  2000
Gaia17dka           10 23 45  53 06 19  2000
Gaia18akt           06 25 18  12 32 11  2000
Gaia18arn           21 35 15  50 28 50  2000
Gaia18anr	    06 18 03  78 22 01  2000
Gaia18axl           22 28 34  54 02 58  2000
Gaia18azh	    12 10 38  39 23 48  2000
Gaia18bcb           19 05 20  08 36 10  2000
Gaia18bes           07 17 56  40 59 08  2000
Gaia18bfx           06 44 47  56 45 31  2000
Gaia18cmk	    20 28 36  22 49 50  2000
Gaia18dmf	    19 41 56  34 24 52  2000
Gaia18dvy	    20 05 06  36 29 14  2000
Gaia19bcv           23 43 55  65 33 44  2000
Gaia19aik           20 14 46  40 15 27  2000
%Comet_ISON 06.03.2013:
Comet_ISON          06 47 00  31 24 22  2000  
Comet_PS            00 34 32  11 07 00  2000
CZ_Cam              03 58 44  69 01 00  2000
DI_Cam              04 28 42  79 42 06  2000
%Comet_Lovejoy 31.12.2013 4UT:
Lovejoy             17 26 41  20 39 42  2000
%Comet 21P/Giacobini-Zinner:
21P                 05 34 58  38 38 33  2000
CygOB2              20 33 04  41 18 00  2000
del_Ser             15 34 48  10 32 20  2000
Dembowska           10 33 29  15 08 27  2000
BS_Dra              19 56 29  73 36 58  2000   
EE_Cep              22 09 23  55 45 24  2000
eps_Cep             22 15 02  57 02 37  2000
FG_Sge              20 11 56  20 20 06  2000
FL_Lyr              19 12 05  46 19 27  2000
FR1                  4 30  0  55  0  0  2000 
G93_48              21 52 26  02 23 00  2000
Gaia14aaa           13 21 02  45 28 26  2000
GSC0321             14 29 15   2 30 06  2000
GSC2566		    15 22 22  32 58 45  2000
GSC2977              8 19 18  41 59 00  2000
GSC2988              8 46 10  43 04 31  2000
GSC3004             10 21 35  40 31 41  2000
GSC3832             11 48 42  54 43 08  2000
GSC3863             14 41 38  56 26 17  2000
GSC4552             11 24 25  77 42 16  2000
GSC4556             12 03 17  80 33 43  2000
HD256413            06 24 02  19 54 32  2000
HD12859             02 06 51  37 38 20  2000
HIP7707             01 39 13  51 49 12  2000
HP_Dra              18 54 54  51 18 30  2000
QSOB1215            12 17 52  30 07 00  2000
HIP582              00 07 96  62 23 34  2000
HD236462            00 33 17  56 32 38  2000
HIP20460            04 23 01  61 39 27  2000
Saturn              13 32 14  -6 43 00  2000
Veil                20 45 44  31 02 11  2000
Abell2151           16 05 15  17 44 55  2000
Kepler17b           19 53 35  47 48 54  2000
M71                 19 53 47  18 46 45  2000
Mercer20            19 12 25  09 57 20  2000
NovaCep2014         20 54 24  60 17 07  2000
NvCyg2014           20 21 43  31 03 30  2000
NGC6543             17 58 34  66 38 00  2000
NGC6503             17 49 27  70 08 37  2000
NGC7662             23 25 54  42 32 06  2000
NGC7640             23 22 07  40 50 43  2000
NGC7318             22 35 58  33 57 56  2000
NN_Del              20 46 49  07 33 10  2000
PTF12gzk            22 12 42  00 30 43  2000
PSN0413+2528        04 13 38  25 28 46  2000
PS15blq             17 31 42  43 53 34  2000
R1_Lovejoy          16 35 00  30 45 00  2013.95
Std98               06 52 12  -00 -18 00  2000
EI_Cep              21 28 28  76 24 13  2000
TY_UMi              15 17 57  83 51 34  2000
TX_Her              17 18 36  41 53 17  2000
UU_Cas              23 50 40  60 54 39  2000
V454_Aur            06 22 03  34 35 50  2000
V455_Aur            06 28 54  52 07 33  2000
V722_Mon            06 28 20  -00 -43 -46 2000
V572_Per            03 15 49  50 57 21  2000
V743_Cep            22 18 06  55 54 15  2000
V821_Cas            23 58 49  53 40 19  2000
V1125_Tau           03 38 59  00 47 48  2000
V2154_Cyg           21 23 08  48 31 08  2000
V2080_Cyg           19 26 48  50 08 44  2000
FK_Dra              12 30 12  63 53 21  2000
WZ_Oph              17 06 39  07 46 58  2000
XX_Oph              17 43 57  -06 16 09  2000
%Puste pola:
Blank1              04 29 45  54 15 36  2000
wfsblank2           08 01 00  50 00 00  2000
CAblank2            09 13 49  46 13 58  2000
Blank2              13 06 56  29 34 48  2000
CAblank3            13 36 18  62 14 11  2000
wfcblank1           15 02 00  29 55 00  2000
CAblank5            16 24 33  55 44 00  2000
wfsblank1           17 00 00  41 00 00  2000
Blank4              19 21 29  12 27 49  2000
CAblank7            23 15 48  11 26 32  2000
GD246               23 12 22  10 47 04  2000
Polaris             02 31 49  89 15 51  2000
%
% GALEXy ToDo...
%
GALEXJ0035     00 35 32  24 59 17  2000
GALEXJ0036     00 36 40  37 55 54  2000
GALEXJ0115     01 15 54  26 14 01  2000
GALEXJ0119     01 19 29  49 01 10  2000
GALEXJ0154     01 54 22  49 05 22  2000
GALEXJ0204     02 04 47  27 29 04  2000
GALEXJ0216     02 16 19  27 59 01  2000
GALEXJ0232     02 32 52  44 11 25  2000
GALEXJ0321         03 21 40  47 27 19  2000
GALEXJ0555     05 55 42  64 08 11  2000
GALEXJ0613     06 13 25  34 20 53  2000
GALEXJ0639     06 39 52  51 56 58  2000
GALEXJ0701     07 01 23  53 29 39  2000
GALEXJ0703     07 03 32  62 36 27  2000
GALEXJ0710+56     07 10 54  56 24 47  2000
GALEXJ0710+23     07 10 30  23 33 22  2000
GALEXJ0716     07 16 18  75 02 42  2000
GALEXJ0735     07 35 27  61 32 45  2000
GALEXJ0738     07 38 05  26 24 44  2000
GALEXJ0741     07 41 49  55 24 51  2000
GALEXJ0742     07 42 49  63 53 23  2000
GALEXJ0748     07 48 56  30 42 50  2000
GALEXJ0756     07 56 04  22 26 29  2000
GALEXJ0807         08 06 57  15 27 00  2000
GALEXJ0809     08 09 30  05 48 44  2000
GALEXJ0825     08 25 57  13 07 55  2000
GALEXJ0845     08 45 36  19 41 50  2000
GALEXJ0851     08 51 38  24 41 52  2000
GALEXJ0924     09 24 40  30 50 13  2000
GALEXJ1017     10 17 57  55 16 33  2000
GALEXJ1023     10 23 59  69 11 46  2000
GALEXJ1027     10 27 29  74 59 47  2000
GALEXJ1041     10 41 23  50 44 20  2000
GALEXJ1136     11 36 34  75 06 52  2000
GALEXJ1206     12 06 25  57 09 36  2000
GALEXJ1358     13 58 25  06 51 38  2000
GALEXJ1409     14 09 57  80 55 20  2000
GALEXJ1503     15 03 47  42 21 25  2000
GALEXJ1513     15 13 26  64 54 07  2000
GALEXJ1525     15 25 13  60 53 22  2000
GALEXJ1526     15 26 53  79 41 31  2000
GALEXJ1545     15 45 10  59 55 05  2000
GALEXJ1624     16 24 32  40 59 13  2000
GALEXJ1627     16 27 17  40 27 29  2000
GALEXJ1628     16 28 23  27 29 20  2000
GALEXJ1632     16 32 14  85 13 59  2000
GALEXJ1637     16 37 05  41 15 41  2000
GALEXJ1650     16 50 55  35 33 42  2000
GALEXJ1651     16 51 57  26 25 52  2000
GALEXJ1702     17 02 12  48 30 25  2000
GALEXJ1717         17 17 09  67 57 12  2000
GALEXJ1727     17 27 05  29 42 29  2000
GALEXJ1738     17 38 13  26 34 09  2000
GALEXJ1745     17 45 31  29 49 04  2000
GALEXJ1751     17 51 38  37 19 53  2000
GALEXJ1753     17 53 25  69 10 58  2000
GALEXJ1755     17 55 49  50 12 11  2000
GALEXJ1911     19 11 07  87 16 05  2000
GALEXJ2123     21 23 28  83 33 51  2000
GALEXJ2245     22 45 04  32 21 51  2000
GALEXJ2303     23 03 15  39 25 45  2000
GALEXJ2329     23 29 18  32 53 49  2000
GALEXJ2331     23 31 59  28 15 23  2000
GALEXJ2349     23 49 48  38 44 40  2000
Garradd             18 28 06  19 45 00  2000
GSC_4232            20 01 28  61 10 18  2000
GSC4556             12 03 17  80 33 42  2000
Hartley             23 54 30  51 29 56  2000
Hoenig              13 03 45  54 52 00  2000
hPer                 2 19 24  57 10 26  2005.7
HD50526              6 54  2   6 48 48  2000
HS2231              22 34 21  24 56 59  2000
IC10                 0 20 23  59 17 35  2000
IC1101              15 10 56  05 44 42  2000
IC334               03 45 18  76 38 16  2000
IC348                3 44 34  32 09 48  2000
IC434               05 41 00  -2 -30 0  2000
IC1396              21 34 53  57 30 10  2000
IC1590               0 52 49  56 37 42  2000
IC1805              02 33 42  61 27 00  2000
IC1871              03 03 00  60 24 00  2000
IC2461              09 19 58  37 11 28  2000
IC4582              15 45 40  28 05 18  2000
IC4996              20 16 30  37 38 00  2000
IC5146              21 53 32  47 16 06  2000
JQH                 20 15 21  38 02 44  2000 
Jupiter              2 20 56  12 44 55  2011
K4                  18 46 24  44 07 54  2000
KIC1573174          19 25 29  37 09 24  2000
KIC2857323          19 29 49  38 01 22  2000
KIC3868420          19 43 26  38 55 13  2000
KIC4917786          19 19 57  40 02 38  2000
KIC5950759          19 15 00  41 13 55  2000
KIC6382916          19 48 03  41 46 56  2000
KIC6721089          19 55 26  42 08 46  2000
KIC6861400          19 25 15  42 19 17  2000
KIC7295372          19 42 25  42 48 23  2000
KIC8410637          18 48 38  44 29 09  2000
KIC8647299          19 55 22  44 42 11  2000
KIC9408694          19 34 45  45 54 16  2000
KIC9700322          19 07 51  46 29 12  2000
KIC9832227          19 29 16  46 37 20  2000
KIC10030943         19 54 13  46 56 13  2000
KIC10130954         19 10 24  47 09 44  2000
KIC11754974         19 08 16  49 57 15  2000
KIC8462852          20 06 16  44 27 25  2000
KIC10661783         19 21 12  47 58 43  2000
King10              22 54 54  59 10 00  2000
KPPer                3 32 39  44 51 21  2000
Landolt17           02 33 33  05 19 28  2000
LBN549              23 20 00  61 12 00  2000
LdtS                 9 21 28   2 46 03  2000
LIN-A2              22 54 21  10 44 06  2000
Lovejoy             18 38 20  26 00 18  2000
Lulin                6 45 48  22 16 00  2000
Berkeley7           01 54 12  62 22 00  2000
Berkeley59          00 00 14  67 25 00  2000
Berkeley87          20 21 42  37 22 00  2000
M1                   5 31 30  21 59  0  1950
M2                  21 33 30  0 -50  0  2000
M3                  13 42 12  28 23 00  2000
M5                  15 18 36  02 05 00  2000
M13                 16 41 42  36 28 00  2000
M14                 17 37 36  -3 14 45  2000
M15                 21 27 36  11 57 00  1950
M16                 18 18 48 -13 49 00  2000
M27                 19 59 30  22 43 00  2000
M31                  0 42 44  41 16 09  2000
M32                  0 42 42  40 51 57  2000
M33                  1 33 54  30 39 00  2000
M34                  2 42  0  42 47  0  2000
M35                  6  9 14  24 17 52  2000
M36                  5 36  6  34  8  0  2000
M37                  5 52 18  32 32  0  2000 
M38                  5 28 42  35 50  0  2000
M39                 21 32 12  48 26 00  2000
M42                  5 35 17  -5 23 23  2000
M45                  3 47 00  24 07 01  2000
M51                 13 29 52  47 11 43  2000
M52                 23 22  0  61 19  0  2000 
M53                 13 13 00  18 10 00  2000
M56                 19 16 36  30 11 00  2000
M57                 18 53 36  33 02 00  2000
M61                 12 21 58   4 28 18  2000
M63                 13 15 48  42 02 00  2000
M64                 12 56 55  21 40 02  2003
M65                 11 18 57  13 03 49  2000
M71                 19 53 42  18 47 00  2000 
M74                 01 36 42  15 47 00  2000
M76                  1 43 03  51 37 33  2011
M78                  5 46 42   0 03 00  2000
M77                  2 42 41   0 00 48  2000
M81                  9 55 33  69 03 55  2000
M82                  9 56 18  69 39 32  2005.6
M85                 12 25 24  18 11 27  2000
M92                 17 17 00  43 08 00  2000
M95                 10 43 58  11 42 13  2000 
M97                 11 14 48  55 01 00  2000
M99                 12 18 50  14 25 00  2000
M100                12 22 55  15 49 22  2000
M101                14 03 12  54 21 00  2000
M103                 1 33 23  60 39 00  2000
M105                10 47 50  12 34 54  2000
M106                12 18 58  47 18 13  2000
M109                11 57 36  53 23 00  2000
MAS0349+7142        03 48 51  71 42 02  2000
MAS1204+2659        12 04 52  26 59 47  2000
NEAT_Q4              9 48 55  47 31 00  2000
NGC6951             20 37 14  66 06 20  2000
NGC188               0 52 38  85 10 35  2000
NGC205              00 40 24  41 41  0  2000
NGC225               0 43 39  61 46 30  2000
NGC281              00 52 25  56 33 54  2000 
NGC366              01 06 30  62 13 00  2000
NGC436               1 15 58  58 48 42  2000
NGC581               1 33 23  60 39 00  2000
NGC637               1 43 04  64 02 24  2000
NGC457              01 19 40  58 17 18  2000
NGC654              01 41 18  61 41 00  1960
NGC659               1 44 24  60 40 24  2000
NGC663              01 43 36  61 01 00  1960
NGC884              02 22 23  57 07 30  2000
NGC890              02 22 00  33 16 14  2000
NGC891              02 22 33  42 20 46  2000
NGC896               2 25 48  61 59 00  2000
NGC957               2 33 21  57 33 36  2000
NGC1193              3  5 48  44 23  0  2000 
NGC1333             03 29 02  31 20 54  2000
NGC1491              4  3 21  51 18 54  2000
NGC1502              4 07 48  62 20  0  2000
NGC1579             04 30 09  35 16 19  2000
NGC1624             04 40 36  50 27 42  2000
NGC1778             05 08 04  37 01 24  2000
NGC1788             05 06 54 -03 -20 -30  2000
NGC1857             05 20 06  39 20 36  2000
NGC1893              5 22 42  33 25 00  2000
NGC1931             05 31 25  34 14 42  2000
NGC1960              5 36 12  34 06 24  2000
NGC2129              6 01 06  23 19 00  2000
NGC2158              6 07 30  24 06 00  2000
NGC2169             06 08 27  13 55 51  2000
NGC2175              6 09 53  20 30 15  2000
NGC2244             06 32 24  04 52 00  2000
NGC2264              6 41 00   9 28 00  2000
NGC2301             06 51 45  00 27 36  2000
NGC2371              7 25 36  29 29 00  2000
NGC2281              6 48 17  41 04 42  2000
NGC2301             06 51 45  00 27 36  2000
NGC2392              7 29 12  20 54 00  2000
NGC2403              7 36 48  65 37  0  2000
NGC2841              9 22 02  50 58 40  2000
NGC2903              9 32 10  21 30 03  2000
NGC3079             10 01 58  55 40 47  2000
NGC3184             10 18 17  41 25 26  2000
NGC3190             10 18 05  21 49 52  2000
NGC3379             10 47 50  12 34 54  2000
NGC3607             11 16 55  18 03 04  2000
NGC3631             11 21 03  53 10 11  2000
NGC3842             11 44 02  19 56 59  2000
NGC3953             11 53 49  52 19 36  2000
NGC3972             11 55 45  55 19 14  2000
NGC3992             11 57 36  53 23  0  2000
NGC4051             12 03 10  44 31 55  2000
NGC4125             12 08 06  65 10 27  2000
NGC4088             12 05 34  50 32 23  2000
NGC4157             12 11 04  50 28 59  2000
NGC4414             12 26 29  31 13 38  2000
NGC4236             12 16 42  69 28 10  2000
NGC4424             12 27 13   9 25 13  2000
NGC4449             12 28 11  44 05 33  2000
NGC4490             12 30 36  41 38 00  2000
NGC4565             12 36 21  25 59 19  2000
NGC4561             12 43 43  16 23 35  2000
NGC4631             12 42 08  32 32 27  2000
NGC4676             12 46 12  30 44 00  2000
NGC4725             12 50 27  25 30 03  2000
NGC4921             13  1 26  27 53  9  2000
NGC4874             12 59 36  27 57 34  2000 
NGC4889             13 00 08  27 58 37  2000
NGC4964		    13 05 24  56 19 22  2000
NGC5278             13 41 40  55 40 00  2000
NGC5466             14 05 27  28 32  4  2000 
NGC5630             14 27 47  41 14 07  2005.7
NGC5669             14 32 45  09 53 12  2000
NGC5907             15 15 54  56 19 44  2000
NGC5985             15 39 37  59 19 52  2000
NGC6210             16 44 29  23 48 00  2000
NGC6217             16 32 39  78 11 54  2000
NGC6229             16 46 59  47 31 40  2000
NGC6543             17 58 33  66 38 00  2000
NGC6796             19 21 30  61 08 12  2000
NGC6811             19 37 10  46 22 30  2000
NGC6823             19 43 09  23 18 00  2000
NGC6826             19 44 48  50 31 00  2000
NGC6830             19 50 59  23 06 00  2000
NGC6834             19 52 12  29 25 00  2000
NGC6842             19 55 02  29 17 19  2000
NGC6857             20 01 48  33 31 33  2000
NGC6866             20 03 55  44 09 30  2000
NGC6871             20 05 59  35 46 36  2000
NGC6888             20 12 06  38 21 18  2000
NGC6910             20 23 06  40 47 00  2000
NGC6913             20 23 56  38 31 23  2000
NGC6913             20 23 56  38 31 23  2000
NGC6934             20 34 11  07 24 15  2000
NGC6946             20 34 48  60  9  0  2000
NGC6960             20 45 38  30 42 30  2000
NGC6992             20 56 20  31 41 48  2000
NGC7023             21 01 36  68 10 10  2000
NGC7044             21 13 00  42 29 00  2000
NGC7063             21 24 21  36 29 12  2000
NGC7086             21 30 27  51 36 00  2000
NGC7128             21 44 00  53 43 00  2000
NGC7129             21 42 56  66 06 10  2000
NGC7160             21 53 40  62 36 12  2000
NGC7235             22 12 25  57 16 30  2000
NGC7243             22 15 08  49 53 54  2000  
NGC7317             22 35 52  33 56 40  2000
NGC7319             22 36 04  33 58 33  2000
NGC7331             22 37  0  34 26  0  2000
NGC7380             22 45 30  57 55  0  1960
NGC7419             22 54 20  60 48 54  2000
NGC7510             23 09 00  60 21 00  1960
NGC7538             23 13 46  61 28 21  2000
NGC7635             23 20 48  61 12 06  2000
NGC7654             23 24 48  61 34 59  2000
NGC7753             23 47 05  29 29 00  2000
NGC7790             23 58 24  61 13 00  2000
NGC4080             12 04 51  26 59 46  2000
NSV25616            21 28 45  48 58 42  2000
NovaCyg2001-2       21 03 02  48 45 53  2000
PG1247+554          12 50 05  55 06 00  2000
PGC68029            22 06 17  47 15 11  2000
Pluto               17 53 00 -17 -18 00 2000
Q0957p561           10 01 21  55 53 56  2000
Ras                 17 14 52  14 22 57  2000
Roslund2            19 45 24  23 55 00  2000
Roslund4            20 04 54  29 13 00  2000
RZ_Cas               2 48 47  69 12 54  2000
Saturn               9 24 31  16 34 59  2007
Sirius		        6 45 09 -16 -42 -58  2000  
SN2003gs             2 27 37  -1 -9 -23  2000
SN2003gt            20 32 59   9 52 19  2000
SN2004bd            11 39 43  31 54 33  2000
SN2004bu            15 54 52  21 07 11  2000
SN2004dj             7 37 17  65 35 58  2000
SN2013dr            17 19 31  47 42 04  2000
SN2009ga            23 28 27  22 24 50  2000
SN2009jf            23 04 53  12 20 00  2000
SN2011fs            22 17 19  35 34 50  2000
SN2011ia             9 45 04  64 15 37  2000
SN2011iw            23 34 48  24 45 02  2000
SN2011hr             8 54 46  39 32 16  2000
SN2011ht            10 08 11  51 50 40  2000
SN2011hw            22 26 14  34 12 59  2000
SN2011hx             2 32 08  41 05 01  2000
SN2011ib            11 44 39  35 58  4  2000
SN2011jc             3 38 34  22 33 00  2000
SN2012A             10 25 07  17 09 15  2000
SN2012G             12 39 36  16 35 12  2000
SN2012O             13 00 40  27 55 24  2000
SN2012P             14 59 59   1 53 24  2000
SN2012T             14 01 42  33 49 44  2000
SN2012cg            06 32 24  04 52 00  2000
SN2013dy            22 18 18  40 34 09  2000
SN2014J             09 55 52  69 40 47  2000
SN2015ar            01 07 21  32 24 00  2000
SN2016bln           13 34 46  13 51 15  2000
SN2016bmd           07 20 24  32 51 03  2000
Stock8              05 28 07  34 25 24  2000
Stock23             03 16 11  60 06 54  2000
SY_Equ              21 23 29   9 55 55  2000
T_Cephei            21 09 32  68 29 27  2000
Trumpler_1          01 35 42  61 17 00  2000
TS01                11 53 25  59 39 57  2000
WR124               19 11 31  16 51 38  2000
WD1145+017          11 48 34   1 28 59  2000
Uran                23 32 22  -3 -51 -08  2000
V2367_Cyg           19 34 46  45 54 16  2000
V357Her             18 44 32  12 55 32  2000
V404_Cyg            20 24 04  33 52 02  2000
V380_Cyg            19 50 37  40 35 59  2000
V1061_Cyg           21 07 21  52 02 58  2000
V432_Aur	    05 37 33  37 05 12  2000
Venus                5 47 00  25 52 00  2004
W_Vir               13 26 02  -3 22 43  2000
%
% Pole Keplera : prosze wpisywac wg rektascensji !!!
%
ASAS175245+0700.7   17 52 45  07 00 42  2000
ASAS184408+4426.8   18 44 08  44 26 48  2000
ASAS184625+4347.6   18 46 25  43 47 42  2000
ASAS184756+4249.4   18 47 56  42 49 24  2000
ASAS184924+4714.1   18 49 24  47 14 06  2000
ASAS185846+4109.9   18 58 46  41 09 54  2000
ASAS185953+3908.4   18 59 53  39 08 24  2000
ASAS185953+3916.1   18 59 53  39 16 06  2000
ASAS190049+4359.5   19 00 49  43 59 30  2000
ASAS190635+4327.6   19 06 35  43 27 10  2000
ASAS190737+4640.5   19 07 37  46 40 30  2000
ASAS190751+4629.2   19 07 51  46 29 12  2000
ASAS191404+4456.2   19 14 04  44 56 12  2000 
ASAS191500+4113.8   19 15 00  41 13 48  2000
ASAS191525+5106.4   19 15 25  51 06 24  2000
ASAS191704+5115.4   19 17 04  51 15 24  2000
ASAS192016+4820.3   19 20 16  48 20 18  2000
ASAS192210+5048.7   19 22 10  50 48 42  2000
ASAS192406+4432.8   19 24 06  44 32 48  2000
ASAS192410+5010.5   19 24 10  50 10 30  2000
ASAS192811+4856.6   19 28 11  48 56 36  2000
ASAS192824+4344.9   19 28 24  43 44 54  2000
ASAS192826+3939.7   19 28 26  39 39 42  2000
ASAS192907+4044.6   19 29 07  40 44 36  2000
ASAS193415+4504.5   19 34 15  45 04 30  2000
ASAS193749+4614.3   19 37 49  46 14 18  2000
ASAS194134+4649.1   19 41 34  46 49  6  2000
ASAS194311+5053.8   19 43 11  50 53 48  2000
ASAS194327+3855.2   19 43 27  38 55 12  2000
ASAS194334+4406.3   19 43 34  44  6 18  2000
ASAS194355+0950.5   19 43 55  09 50 30  2000
ASAS194455+4802.6   19 44 55  48  2 36  2000 
ASAS194751+4400.8   19 47 51  44  0 48  2000
ASAS194803+4146.9   19 48 03  41 46 54  2000
ASAS194905+4024.6   19 49 05  40 24 36  2000
ASAS194930+4640.0   19 49 30  46 40 00  2000
ASAS195108+4815.0   19 51 08  48 15 00  2000
ASAS195114+4327.7   19 51 14  43 27 42  2000
ASAS195230+4749.1   19 52 30  47 49 06  2000
ASAS195237+4221.7   19 52 37  42 21 42  2000
ASAS195342+4758.5   19 53 42  47 58 30  2000
ASAS195927+4650.5   19 59 27  46 50 30  2000
ASAS200042+4548.0   20 00 42  45 48 00  2000
ASAS211314+0330.4   21 13 14  03 30 24  2000
%---
ASAS192620+3855.5   19 26 20  38 55 30  2000
ASAS195743+4657.0   19 57 43  46 57 00  2000
ASAS185859+4234.4   18 58 59  42 34 24  2000
ASAS185443+4340.4   18 54 43  43 40 24  2000
ASAS192023+4659.2   19 20 23  46 58 12  2000
ASAS193043+3719.1   19 30 43  37 19 06  2000
ASAS192622+4915.5   19 26 22  49 15 30  2000
ASAS194028+4844.0   19 40 28  48 44 00  2000
ASAS194436+4739.2   19 44 36  47 39 12  2000
ASAS194528+4337.7   19 45 28  43 37 42  2000
ASAS194654+4504.8   19 46 54  45 04 48  2000
ASAS195131+4941.7   19 51 31  49 41 42  2000
ASAS195751+4512.7   19 57 51  45 12 42  2000
ASAS200116+4432.1   20 01 16  44 32 06  2000
ASASSN13ck          00 11 34  04 51 23  2000
ASASSN13dd           9  7 37   3 23 40  2000   
%Planets
KELT-16b            20 57 04  31 39 40  2000
WASP-33b             2 26 51  37 33 03  2000
WASP-12b             6 30 33  29 40 20  2000
WASP-14b            14 33 06  21 53 41  2000
HAT-P-2b            16 20 36  41 02 53  2000
%
M31                 00 43 27  41 20 16  2000
SN_Mrk477           14 40 38  53 30 14  2000
PM1                 22 18 48  63 16 00  2000
Markarian50         23 15 18  60 28 00  2000 
Tr2                 02 36 53  55 54 56  2000
NEO14JO25           13 20 31  34 43 10  2000
C2015V2             14 48 16  24 44 11  2000
Albireo             19 30 43  27 57 35  2000
BH_Oph              18 15 51  12 05 44  2000
BX_Del              20 21 19  18 26 16  2000
AU_Peg              21 24 00  18 16 44  2000
Kojimaevent         05 07 43  24 47 56  2000
WY_Cnc              09 01 55  26 41 23  2000
UW_LMi              10 43 30  28 41 09  2000
V948_Her            17 22 58  29 20 43  2000
V1490_Cyg           20 50 54  44 21 01  2000
V743_Cep            22 18 06  55 54 16  2000
KIC8462852          20 06 15  44 27 25  2000
KIC9832227          19 29 16  46 37 20  2000
SN2020faa	        14 47 09  72 44 11  2000
Gaia19dke           19 25 59  28 24 25  2000
HD37737             05 42 31  36 12 00  2000
55UMa               11 19 08  38 11 09  2000
